Testing...
sin(0)=0
cos(0)=1
tan(0)=0
cot(0)=1e+20
sin(0.5)=0.479426
cos(0.5)=0.877583
tan(0.5)=0.546302
cot(0.5)=1.83049
sin(-1)=-0.841471
cos(-1)=0.540302
tan(-1)=-1.55741
cot(-1)=-0.642093
sin(100)=-0.506366
cos(100)=0.862319
tan(100)=-0.587214
cot(100)=-1.70296
sinDeg(0)=0
cosDeg(0)=1
tanDeg(0)=0
cotDeg(0)=1e+20
sinDeg(45)=0.707107
cosDeg(45)=0.707107
tanDeg(45)=1
cotDeg(45)=1
sinDeg(-186)=0.104528
cosDeg(-186)=-0.994522
tanDeg(-186)=-0.105104
cotDeg(-186)=-9.51436
sinDeg(750)=0.5
cosDeg(750)=0.866025
tanDeg(750)=0.57735
cotDeg(750)=1.73205
End